5
6
7
8
9
10
11
12
13
15
17
19
21
24
26
29
32
34
37
40
42
45
49
52
56
60
64
68
71
75
78
81
83
86
88
90
92
94
96
98
99
101
102
103
104
105
106
107
108
109
110
111
112
113
113
114
115
116
117
117
118
119
120
120
121
122
123
123
124
125
125
126
127
128
129
129
130
131
132
133
134
135
137
139
141
144
147
150
152
155
157
160
163
166
169
172
174
175
177
179
180
182
184
185
186
188
189
190
191
192
193
194
195
196
197
198
198
199
200
200
201
202
202
203
203
204
204
205
205
206
207
207
208
208
209
209
210
210
210
211
211
212
212
213
213
213
214
214
215
215
216
216
216
217
217
217
218
218
218
219
219
219
219
220
220
220
221
221
221
221
222
222
222
222
222
223
223
223
223
224
224
224
224
224
225
225
225
225
225
226
226
226
226
226
226
227
227
227
227
228
228
228
228
229
229
229
229
230
230
230
231
231
231
232
232
232
233
233
234
234
234
235
235
236
236
237
237
238
238
239
239
240
241
242
243
243
244
245
245
246
246
246
247
247
248
248
248
249
249
250
251
253
254
254
254
255
